
TIME    TEMP   VCCINT   VCCBRAM   VCCAUX   VP     VN    VAUXP[0]   VAUXN[0]   VAUXP[1]   VAUXN[1]   VAUXP[2]   VAUXN[2]   VAUXP[3]   VAUXN[3]   VAUXP[4]   VAUXN[4]   VAUXP[5]   VAUXN[5]   VAUXP[6]   VAUXN[6]   VAUXP[7]   VAUXN[7]   VAUXP[8]   VAUXN[8]   VAUXP[9]   VAUXN[9]   VAUXP[10]   VAUXN[10]   VAUXP[11]   VAUXN[11]   VAUXP[12]   VAUXN[12]   VAUXP[13]   VAUXN[13]   VAUXP[14]   VAUXN[14]   VAUXP[15]   VAUXN[15]
0 63.0  1.02  1.02  1.8  0.50  0.0  0.50  0  0.50  0  0.50  0  0.50  0  0.50  0  0.50  0  0.50  0  0.50  0  0.50  0  0.50  0  0.50  0  0.50  0  0.50  0  0.50  0  0.50  0  0.50  0 //
1000 63.0  1.02  1.02  1.8  0.53  0.0  0.53  0  0.53  0  0.53  0  0.53  0  0.53  0  0.53  0  0.53  0  0.53  0  0.53  0  0.53  0  0.53  0  0.53  0  0.53  0  0.53  0  0.53  0  0.53  0 //
2000 63.0  1.02  1.02  1.8  0.56  0.0  0.56  0  0.56  0  0.56  0  0.56  0  0.56  0  0.56  0  0.56  0  0.56  0  0.56  0  0.56  0  0.56  0  0.56  0  0.56  0  0.56  0  0.56  0  0.56  0 //
3000 63.0  1.02  1.02  1.8  0.59  0.0  0.59  0  0.59  0  0.59  0  0.59  0  0.59  0  0.59  0  0.59  0  0.59  0  0.59  0  0.59  0  0.59  0  0.59  0  0.59  0  0.59  0  0.59  0  0.59  0 //
4000 63.0  1.02  1.02  1.8  0.62  0.0  0.62  0  0.62  0  0.62  0  0.62  0  0.62  0  0.62  0  0.62  0  0.62  0  0.62  0  0.62  0  0.62  0  0.62  0  0.62  0  0.62  0  0.62  0  0.62  0 //
5000 63.0  1.02  1.02  1.8  0.65  0.0  0.65  0  0.65  0  0.65  0  0.65  0  0.65  0  0.65  0  0.65  0  0.65  0  0.65  0  0.65  0  0.65  0  0.65  0  0.65  0  0.65  0  0.65  0  0.65  0 //
6000 63.0  1.02  1.02  1.8  0.68  0.0  0.68  0  0.68  0  0.68  0  0.68  0  0.68  0  0.68  0  0.68  0  0.68  0  0.68  0  0.68  0  0.68  0  0.68  0  0.68  0  0.68  0  0.68  0  0.68  0 //
7000 63.0  1.02  1.02  1.8  0.71  0.0  0.71  0  0.71  0  0.71  0  0.71  0  0.71  0  0.71  0  0.71  0  0.71  0  0.71  0  0.71  0  0.71  0  0.71  0  0.71  0  0.71  0  0.71  0  0.71  0 //
8000 63.0  1.02  1.02  1.8  0.74  0.0  0.74  0  0.74  0  0.74  0  0.74  0  0.74  0  0.74  0  0.74  0  0.74  0  0.74  0  0.74  0  0.74  0  0.74  0  0.74  0  0.74  0  0.74  0  0.74  0 //
9000 63.0  1.02  1.02  1.8  0.77  0.0  0.77  0  0.77  0  0.77  0  0.77  0  0.77  0  0.77  0  0.77  0  0.77  0  0.77  0  0.77  0  0.77  0  0.77  0  0.77  0  0.77  0  0.77  0  0.77  0 //
10000 63.0  1.02  1.02  1.8  0.79  0.0  0.79  0  0.79  0  0.79  0  0.79  0  0.79  0  0.79  0  0.79  0  0.79  0  0.79  0  0.79  0  0.79  0  0.79  0  0.79  0  0.79  0  0.79  0  0.79  0 //
11000 63.0  1.02  1.02  1.8  0.82  0.0  0.82  0  0.82  0  0.82  0  0.82  0  0.82  0  0.82  0  0.82  0  0.82  0  0.82  0  0.82  0  0.82  0  0.82  0  0.82  0  0.82  0  0.82  0  0.82  0 //
12000 63.0  1.02  1.02  1.8  0.84  0.0  0.84  0  0.84  0  0.84  0  0.84  0  0.84  0  0.84  0  0.84  0  0.84  0  0.84  0  0.84  0  0.84  0  0.84  0  0.84  0  0.84  0  0.84  0  0.84  0 //
13000 63.0  1.02  1.02  1.8  0.86  0.0  0.86  0  0.86  0  0.86  0  0.86  0  0.86  0  0.86  0  0.86  0  0.86  0  0.86  0  0.86  0  0.86  0  0.86  0  0.86  0  0.86  0  0.86  0  0.86  0 //
14000 63.0  1.02  1.02  1.8  0.89  0.0  0.89  0  0.89  0  0.89  0  0.89  0  0.89  0  0.89  0  0.89  0  0.89  0  0.89  0  0.89  0  0.89  0  0.89  0  0.89  0  0.89  0  0.89  0  0.89  0 //
15000 63.0  1.02  1.02  1.8  0.90  0.0  0.90  0  0.90  0  0.90  0  0.90  0  0.90  0  0.90  0  0.90  0  0.90  0  0.90  0  0.90  0  0.90  0  0.90  0  0.90  0  0.90  0  0.90  0  0.90  0 //
16000 63.0  1.02  1.02  1.8  0.92  0.0  0.92  0  0.92  0  0.92  0  0.92  0  0.92  0  0.92  0  0.92  0  0.92  0  0.92  0  0.92  0  0.92  0  0.92  0  0.92  0  0.92  0  0.92  0  0.92  0 //
17000 63.0  1.02  1.02  1.8  0.94  0.0  0.94  0  0.94  0  0.94  0  0.94  0  0.94  0  0.94  0  0.94  0  0.94  0  0.94  0  0.94  0  0.94  0  0.94  0  0.94  0  0.94  0  0.94  0  0.94  0 //
18000 63.0  1.02  1.02  1.8  0.95  0.0  0.95  0  0.95  0  0.95  0  0.95  0  0.95  0  0.95  0  0.95  0  0.95  0  0.95  0  0.95  0  0.95  0  0.95  0  0.95  0  0.95  0  0.95  0  0.95  0 //
19000 63.0  1.02  1.02  1.8  0.96  0.0  0.96  0  0.96  0  0.96  0  0.96  0  0.96  0  0.96  0  0.96  0  0.96  0  0.96  0  0.96  0  0.96  0  0.96  0  0.96  0  0.96  0  0.96  0  0.96  0 //
20000 63.0  1.02  1.02  1.8  0.98  0.0  0.98  0  0.98  0  0.98  0  0.98  0  0.98  0  0.98  0  0.98  0  0.98  0  0.98  0  0.98  0  0.98  0  0.98  0  0.98  0  0.98  0  0.98  0  0.98  0 //
21000 63.0  1.02  1.02  1.8  0.98  0.0  0.98  0  0.98  0  0.98  0  0.98  0  0.98  0  0.98  0  0.98  0  0.98  0  0.98  0  0.98  0  0.98  0  0.98  0  0.98  0  0.98  0  0.98  0  0.98  0 //
22000 63.0  1.02  1.02  1.8  0.99  0.0  0.99  0  0.99  0  0.99  0  0.99  0  0.99  0  0.99  0  0.99  0  0.99  0  0.99  0  0.99  0  0.99  0  0.99  0  0.99  0  0.99  0  0.99  0  0.99  0 //
23000 63.0  1.02  1.02  1.8  1.00  0.0  1.00  0  1.00  0  1.00  0  1.00  0  1.00  0  1.00  0  1.00  0  1.00  0  1.00  0  1.00  0  1.00  0  1.00  0  1.00  0  1.00  0  1.00  0  1.00  0 //
24000 63.0  1.02  1.02  1.8  1.00  0.0  1.00  0  1.00  0  1.00  0  1.00  0  1.00  0  1.00  0  1.00  0  1.00  0  1.00  0  1.00  0  1.00  0  1.00  0  1.00  0  1.00  0  1.00  0  1.00  0 //
25000 63.0  1.02  1.02  1.8  1.00  0.0  1.00  0  1.00  0  1.00  0  1.00  0  1.00  0  1.00  0  1.00  0  1.00  0  1.00  0  1.00  0  1.00  0  1.00  0  1.00  0  1.00  0  1.00  0  1.00  0 //
26000 63.0  1.02  1.02  1.8  1.00  0.0  1.00  0  1.00  0  1.00  0  1.00  0  1.00  0  1.00  0  1.00  0  1.00  0  1.00  0  1.00  0  1.00  0  1.00  0  1.00  0  1.00  0  1.00  0  1.00  0 //
27000 63.0  1.02  1.02  1.8  1.00  0.0  1.00  0  1.00  0  1.00  0  1.00  0  1.00  0  1.00  0  1.00  0  1.00  0  1.00  0  1.00  0  1.00  0  1.00  0  1.00  0  1.00  0  1.00  0  1.00  0 //
28000 63.0  1.02  1.02  1.8  0.99  0.0  0.99  0  0.99  0  0.99  0  0.99  0  0.99  0  0.99  0  0.99  0  0.99  0  0.99  0  0.99  0  0.99  0  0.99  0  0.99  0  0.99  0  0.99  0  0.99  0 //
29000 63.0  1.02  1.02  1.8  0.98  0.0  0.98  0  0.98  0  0.98  0  0.98  0  0.98  0  0.98  0  0.98  0  0.98  0  0.98  0  0.98  0  0.98  0  0.98  0  0.98  0  0.98  0  0.98  0  0.98  0 //
30000 63.0  1.02  1.02  1.8  0.98  0.0  0.98  0  0.98  0  0.98  0  0.98  0  0.98  0  0.98  0  0.98  0  0.98  0  0.98  0  0.98  0  0.98  0  0.98  0  0.98  0  0.98  0  0.98  0  0.98  0 //
31000 63.0  1.02  1.02  1.8  0.96  0.0  0.96  0  0.96  0  0.96  0  0.96  0  0.96  0  0.96  0  0.96  0  0.96  0  0.96  0  0.96  0  0.96  0  0.96  0  0.96  0  0.96  0  0.96  0  0.96  0 //
32000 63.0  1.02  1.02  1.8  0.95  0.0  0.95  0  0.95  0  0.95  0  0.95  0  0.95  0  0.95  0  0.95  0  0.95  0  0.95  0  0.95  0  0.95  0  0.95  0  0.95  0  0.95  0  0.95  0  0.95  0 //
33000 63.0  1.02  1.02  1.8  0.94  0.0  0.94  0  0.94  0  0.94  0  0.94  0  0.94  0  0.94  0  0.94  0  0.94  0  0.94  0  0.94  0  0.94  0  0.94  0  0.94  0  0.94  0  0.94  0  0.94  0 //
34000 63.0  1.02  1.02  1.8  0.92  0.0  0.92  0  0.92  0  0.92  0  0.92  0  0.92  0  0.92  0  0.92  0  0.92  0  0.92  0  0.92  0  0.92  0  0.92  0  0.92  0  0.92  0  0.92  0  0.92  0 //
35000 63.0  1.02  1.02  1.8  0.90  0.0  0.90  0  0.90  0  0.90  0  0.90  0  0.90  0  0.90  0  0.90  0  0.90  0  0.90  0  0.90  0  0.90  0  0.90  0  0.90  0  0.90  0  0.90  0  0.90  0 //
36000 63.0  1.02  1.02  1.8  0.89  0.0  0.89  0  0.89  0  0.89  0  0.89  0  0.89  0  0.89  0  0.89  0  0.89  0  0.89  0  0.89  0  0.89  0  0.89  0  0.89  0  0.89  0  0.89  0  0.89  0 //
37000 63.0  1.02  1.02  1.8  0.86  0.0  0.86  0  0.86  0  0.86  0  0.86  0  0.86  0  0.86  0  0.86  0  0.86  0  0.86  0  0.86  0  0.86  0  0.86  0  0.86  0  0.86  0  0.86  0  0.86  0 //
38000 63.0  1.02  1.02  1.8  0.84  0.0  0.84  0  0.84  0  0.84  0  0.84  0  0.84  0  0.84  0  0.84  0  0.84  0  0.84  0  0.84  0  0.84  0  0.84  0  0.84  0  0.84  0  0.84  0  0.84  0 //
39000 63.0  1.02  1.02  1.8  0.82  0.0  0.82  0  0.82  0  0.82  0  0.82  0  0.82  0  0.82  0  0.82  0  0.82  0  0.82  0  0.82  0  0.82  0  0.82  0  0.82  0  0.82  0  0.82  0  0.82  0 //
40000 63.0  1.02  1.02  1.8  0.79  0.0  0.79  0  0.79  0  0.79  0  0.79  0  0.79  0  0.79  0  0.79  0  0.79  0  0.79  0  0.79  0  0.79  0  0.79  0  0.79  0  0.79  0  0.79  0  0.79  0 //
41000 63.0  1.02  1.02  1.8  0.77  0.0  0.77  0  0.77  0  0.77  0  0.77  0  0.77  0  0.77  0  0.77  0  0.77  0  0.77  0  0.77  0  0.77  0  0.77  0  0.77  0  0.77  0  0.77  0  0.77  0 //
42000 63.0  1.02  1.02  1.8  0.74  0.0  0.74  0  0.74  0  0.74  0  0.74  0  0.74  0  0.74  0  0.74  0  0.74  0  0.74  0  0.74  0  0.74  0  0.74  0  0.74  0  0.74  0  0.74  0  0.74  0 //
43000 63.0  1.02  1.02  1.8  0.71  0.0  0.71  0  0.71  0  0.71  0  0.71  0  0.71  0  0.71  0  0.71  0  0.71  0  0.71  0  0.71  0  0.71  0  0.71  0  0.71  0  0.71  0  0.71  0  0.71  0 //
44000 63.0  1.02  1.02  1.8  0.68  0.0  0.68  0  0.68  0  0.68  0  0.68  0  0.68  0  0.68  0  0.68  0  0.68  0  0.68  0  0.68  0  0.68  0  0.68  0  0.68  0  0.68  0  0.68  0  0.68  0 //
45000 63.0  1.02  1.02  1.8  0.65  0.0  0.65  0  0.65  0  0.65  0  0.65  0  0.65  0  0.65  0  0.65  0  0.65  0  0.65  0  0.65  0  0.65  0  0.65  0  0.65  0  0.65  0  0.65  0  0.65  0 //
46000 63.0  1.02  1.02  1.8  0.62  0.0  0.62  0  0.62  0  0.62  0  0.62  0  0.62  0  0.62  0  0.62  0  0.62  0  0.62  0  0.62  0  0.62  0  0.62  0  0.62  0  0.62  0  0.62  0  0.62  0 //
47000 63.0  1.02  1.02  1.8  0.59  0.0  0.59  0  0.59  0  0.59  0  0.59  0  0.59  0  0.59  0  0.59  0  0.59  0  0.59  0  0.59  0  0.59  0  0.59  0  0.59  0  0.59  0  0.59  0  0.59  0 //
48000 63.0  1.02  1.02  1.8  0.56  0.0  0.56  0  0.56  0  0.56  0  0.56  0  0.56  0  0.56  0  0.56  0  0.56  0  0.56  0  0.56  0  0.56  0  0.56  0  0.56  0  0.56  0  0.56  0  0.56  0 //
49000 63.0  1.02  1.02  1.8  0.53  0.0  0.53  0  0.53  0  0.53  0  0.53  0  0.53  0  0.53  0  0.53  0  0.53  0  0.53  0  0.53  0  0.53  0  0.53  0  0.53  0  0.53  0  0.53  0  0.53  0 //
50000 63.0  1.02  1.02  1.8  0.50  0.0  0.50  0  0.50  0  0.50  0  0.50  0  0.50  0  0.50  0  0.50  0  0.50  0  0.50  0  0.50  0  0.50  0  0.50  0  0.50  0  0.50  0  0.50  0  0.50  0 //
51000 63.0  1.02  1.02  1.8  0.47  0.0  0.47  0  0.47  0  0.47  0  0.47  0  0.47  0  0.47  0  0.47  0  0.47  0  0.47  0  0.47  0  0.47  0  0.47  0  0.47  0  0.47  0  0.47  0  0.47  0 //
52000 63.0  1.02  1.02  1.8  0.44  0.0  0.44  0  0.44  0  0.44  0  0.44  0  0.44  0  0.44  0  0.44  0  0.44  0  0.44  0  0.44  0  0.44  0  0.44  0  0.44  0  0.44  0  0.44  0  0.44  0 //
53000 63.0  1.02  1.02  1.8  0.41  0.0  0.41  0  0.41  0  0.41  0  0.41  0  0.41  0  0.41  0  0.41  0  0.41  0  0.41  0  0.41  0  0.41  0  0.41  0  0.41  0  0.41  0  0.41  0  0.41  0 //
54000 63.0  1.02  1.02  1.8  0.38  0.0  0.38  0  0.38  0  0.38  0  0.38  0  0.38  0  0.38  0  0.38  0  0.38  0  0.38  0  0.38  0  0.38  0  0.38  0  0.38  0  0.38  0  0.38  0  0.38  0 //
55000 63.0  1.02  1.02  1.8  0.35  0.0  0.35  0  0.35  0  0.35  0  0.35  0  0.35  0  0.35  0  0.35  0  0.35  0  0.35  0  0.35  0  0.35  0  0.35  0  0.35  0  0.35  0  0.35  0  0.35  0 //
56000 63.0  1.02  1.02  1.8  0.32  0.0  0.32  0  0.32  0  0.32  0  0.32  0  0.32  0  0.32  0  0.32  0  0.32  0  0.32  0  0.32  0  0.32  0  0.32  0  0.32  0  0.32  0  0.32  0  0.32  0 //
57000 63.0  1.02  1.02  1.8  0.29  0.0  0.29  0  0.29  0  0.29  0  0.29  0  0.29  0  0.29  0  0.29  0  0.29  0  0.29  0  0.29  0  0.29  0  0.29  0  0.29  0  0.29  0  0.29  0  0.29  0 //
58000 63.0  1.02  1.02  1.8  0.26  0.0  0.26  0  0.26  0  0.26  0  0.26  0  0.26  0  0.26  0  0.26  0  0.26  0  0.26  0  0.26  0  0.26  0  0.26  0  0.26  0  0.26  0  0.26  0  0.26  0 //
59000 63.0  1.02  1.02  1.8  0.23  0.0  0.23  0  0.23  0  0.23  0  0.23  0  0.23  0  0.23  0  0.23  0  0.23  0  0.23  0  0.23  0  0.23  0  0.23  0  0.23  0  0.23  0  0.23  0  0.23  0 //
60000 63.0  1.02  1.02  1.8  0.21  0.0  0.21  0  0.21  0  0.21  0  0.21  0  0.21  0  0.21  0  0.21  0  0.21  0  0.21  0  0.21  0  0.21  0  0.21  0  0.21  0  0.21  0  0.21  0  0.21  0 //
61000 63.0  1.02  1.02  1.8  0.18  0.0  0.18  0  0.18  0  0.18  0  0.18  0  0.18  0  0.18  0  0.18  0  0.18  0  0.18  0  0.18  0  0.18  0  0.18  0  0.18  0  0.18  0  0.18  0  0.18  0 //
62000 63.0  1.02  1.02  1.8  0.16  0.0  0.16  0  0.16  0  0.16  0  0.16  0  0.16  0  0.16  0  0.16  0  0.16  0  0.16  0  0.16  0  0.16  0  0.16  0  0.16  0  0.16  0  0.16  0  0.16  0 //
63000 63.0  1.02  1.02  1.8  0.14  0.0  0.14  0  0.14  0  0.14  0  0.14  0  0.14  0  0.14  0  0.14  0  0.14  0  0.14  0  0.14  0  0.14  0  0.14  0  0.14  0  0.14  0  0.14  0  0.14  0 //
64000 63.0  1.02  1.02  1.8  0.11  0.0  0.11  0  0.11  0  0.11  0  0.11  0  0.11  0  0.11  0  0.11  0  0.11  0  0.11  0  0.11  0  0.11  0  0.11  0  0.11  0  0.11  0  0.11  0  0.11  0 //
65000 63.0  1.02  1.02  1.8  0.10  0.0  0.10  0  0.10  0  0.10  0  0.10  0  0.10  0  0.10  0  0.10  0  0.10  0  0.10  0  0.10  0  0.10  0  0.10  0  0.10  0  0.10  0  0.10  0  0.10  0 //
66000 63.0  1.02  1.02  1.8  0.08  0.0  0.08  0  0.08  0  0.08  0  0.08  0  0.08  0  0.08  0  0.08  0  0.08  0  0.08  0  0.08  0  0.08  0  0.08  0  0.08  0  0.08  0  0.08  0  0.08  0 //
67000 63.0  1.02  1.02  1.8  0.06  0.0  0.06  0  0.06  0  0.06  0  0.06  0  0.06  0  0.06  0  0.06  0  0.06  0  0.06  0  0.06  0  0.06  0  0.06  0  0.06  0  0.06  0  0.06  0  0.06  0 //
68000 63.0  1.02  1.02  1.8  0.05  0.0  0.05  0  0.05  0  0.05  0  0.05  0  0.05  0  0.05  0  0.05  0  0.05  0  0.05  0  0.05  0  0.05  0  0.05  0  0.05  0  0.05  0  0.05  0  0.05  0 //
69000 63.0  1.02  1.02  1.8  0.04  0.0  0.04  0  0.04  0  0.04  0  0.04  0  0.04  0  0.04  0  0.04  0  0.04  0  0.04  0  0.04  0  0.04  0  0.04  0  0.04  0  0.04  0  0.04  0  0.04  0 //
70000 63.0  1.02  1.02  1.8  0.02  0.0  0.02  0  0.02  0  0.02  0  0.02  0  0.02  0  0.02  0  0.02  0  0.02  0  0.02  0  0.02  0  0.02  0  0.02  0  0.02  0  0.02  0  0.02  0  0.02  0 //
71000 63.0  1.02  1.02  1.8  0.02  0.0  0.02  0  0.02  0  0.02  0  0.02  0  0.02  0  0.02  0  0.02  0  0.02  0  0.02  0  0.02  0  0.02  0  0.02  0  0.02  0  0.02  0  0.02  0  0.02  0 //
72000 63.0  1.02  1.02  1.8  0.01  0.0  0.01  0  0.01  0  0.01  0  0.01  0  0.01  0  0.01  0  0.01  0  0.01  0  0.01  0  0.01  0  0.01  0  0.01  0  0.01  0  0.01  0  0.01  0  0.01  0 //
73000 63.0  1.02  1.02  1.8  0.00  0.0  0.00  0  0.00  0  0.00  0  0.00  0  0.00  0  0.00  0  0.00  0  0.00  0  0.00  0  0.00  0  0.00  0  0.00  0  0.00  0  0.00  0  0.00  0  0.00  0 //
74000 63.0  1.02  1.02  1.8  0.00  0.0  0.00  0  0.00  0  0.00  0  0.00  0  0.00  0  0.00  0  0.00  0  0.00  0  0.00  0  0.00  0  0.00  0  0.00  0  0.00  0  0.00  0  0.00  0  0.00  0 //
75000 63.0  1.02  1.02  1.8  0.00  0.0  0.00  0  0.00  0  0.00  0  0.00  0  0.00  0  0.00  0  0.00  0  0.00  0  0.00  0  0.00  0  0.00  0  0.00  0  0.00  0  0.00  0  0.00  0  0.00  0 //
76000 63.0  1.02  1.02  1.8  0.00  0.0  0.00  0  0.00  0  0.00  0  0.00  0  0.00  0  0.00  0  0.00  0  0.00  0  0.00  0  0.00  0  0.00  0  0.00  0  0.00  0  0.00  0  0.00  0  0.00  0 //
77000 63.0  1.02  1.02  1.8  0.00  0.0  0.00  0  0.00  0  0.00  0  0.00  0  0.00  0  0.00  0  0.00  0  0.00  0  0.00  0  0.00  0  0.00  0  0.00  0  0.00  0  0.00  0  0.00  0  0.00  0 //
78000 63.0  1.02  1.02  1.8  0.01  0.0  0.01  0  0.01  0  0.01  0  0.01  0  0.01  0  0.01  0  0.01  0  0.01  0  0.01  0  0.01  0  0.01  0  0.01  0  0.01  0  0.01  0  0.01  0  0.01  0 //
79000 63.0  1.02  1.02  1.8  0.02  0.0  0.02  0  0.02  0  0.02  0  0.02  0  0.02  0  0.02  0  0.02  0  0.02  0  0.02  0  0.02  0  0.02  0  0.02  0  0.02  0  0.02  0  0.02  0  0.02  0 //
80000 63.0  1.02  1.02  1.8  0.02  0.0  0.02  0  0.02  0  0.02  0  0.02  0  0.02  0  0.02  0  0.02  0  0.02  0  0.02  0  0.02  0  0.02  0  0.02  0  0.02  0  0.02  0  0.02  0  0.02  0 //
81000 63.0  1.02  1.02  1.8  0.04  0.0  0.04  0  0.04  0  0.04  0  0.04  0  0.04  0  0.04  0  0.04  0  0.04  0  0.04  0  0.04  0  0.04  0  0.04  0  0.04  0  0.04  0  0.04  0  0.04  0 //
82000 63.0  1.02  1.02  1.8  0.05  0.0  0.05  0  0.05  0  0.05  0  0.05  0  0.05  0  0.05  0  0.05  0  0.05  0  0.05  0  0.05  0  0.05  0  0.05  0  0.05  0  0.05  0  0.05  0  0.05  0 //
83000 63.0  1.02  1.02  1.8  0.06  0.0  0.06  0  0.06  0  0.06  0  0.06  0  0.06  0  0.06  0  0.06  0  0.06  0  0.06  0  0.06  0  0.06  0  0.06  0  0.06  0  0.06  0  0.06  0  0.06  0 //
84000 63.0  1.02  1.02  1.8  0.08  0.0  0.08  0  0.08  0  0.08  0  0.08  0  0.08  0  0.08  0  0.08  0  0.08  0  0.08  0  0.08  0  0.08  0  0.08  0  0.08  0  0.08  0  0.08  0  0.08  0 //
85000 63.0  1.02  1.02  1.8  0.10  0.0  0.10  0  0.10  0  0.10  0  0.10  0  0.10  0  0.10  0  0.10  0  0.10  0  0.10  0  0.10  0  0.10  0  0.10  0  0.10  0  0.10  0  0.10  0  0.10  0 //
86000 63.0  1.02  1.02  1.8  0.11  0.0  0.11  0  0.11  0  0.11  0  0.11  0  0.11  0  0.11  0  0.11  0  0.11  0  0.11  0  0.11  0  0.11  0  0.11  0  0.11  0  0.11  0  0.11  0  0.11  0 //
87000 63.0  1.02  1.02  1.8  0.14  0.0  0.14  0  0.14  0  0.14  0  0.14  0  0.14  0  0.14  0  0.14  0  0.14  0  0.14  0  0.14  0  0.14  0  0.14  0  0.14  0  0.14  0  0.14  0  0.14  0 //
88000 63.0  1.02  1.02  1.8  0.16  0.0  0.16  0  0.16  0  0.16  0  0.16  0  0.16  0  0.16  0  0.16  0  0.16  0  0.16  0  0.16  0  0.16  0  0.16  0  0.16  0  0.16  0  0.16  0  0.16  0 //
89000 63.0  1.02  1.02  1.8  0.18  0.0  0.18  0  0.18  0  0.18  0  0.18  0  0.18  0  0.18  0  0.18  0  0.18  0  0.18  0  0.18  0  0.18  0  0.18  0  0.18  0  0.18  0  0.18  0  0.18  0 //
90000 63.0  1.02  1.02  1.8  0.21  0.0  0.21  0  0.21  0  0.21  0  0.21  0  0.21  0  0.21  0  0.21  0  0.21  0  0.21  0  0.21  0  0.21  0  0.21  0  0.21  0  0.21  0  0.21  0  0.21  0 //
91000 63.0  1.02  1.02  1.8  0.23  0.0  0.23  0  0.23  0  0.23  0  0.23  0  0.23  0  0.23  0  0.23  0  0.23  0  0.23  0  0.23  0  0.23  0  0.23  0  0.23  0  0.23  0  0.23  0  0.23  0 //
92000 63.0  1.02  1.02  1.8  0.26  0.0  0.26  0  0.26  0  0.26  0  0.26  0  0.26  0  0.26  0  0.26  0  0.26  0  0.26  0  0.26  0  0.26  0  0.26  0  0.26  0  0.26  0  0.26  0  0.26  0 //
93000 63.0  1.02  1.02  1.8  0.29  0.0  0.29  0  0.29  0  0.29  0  0.29  0  0.29  0  0.29  0  0.29  0  0.29  0  0.29  0  0.29  0  0.29  0  0.29  0  0.29  0  0.29  0  0.29  0  0.29  0 //
94000 63.0  1.02  1.02  1.8  0.32  0.0  0.32  0  0.32  0  0.32  0  0.32  0  0.32  0  0.32  0  0.32  0  0.32  0  0.32  0  0.32  0  0.32  0  0.32  0  0.32  0  0.32  0  0.32  0  0.32  0 //
95000 63.0  1.02  1.02  1.8  0.35  0.0  0.35  0  0.35  0  0.35  0  0.35  0  0.35  0  0.35  0  0.35  0  0.35  0  0.35  0  0.35  0  0.35  0  0.35  0  0.35  0  0.35  0  0.35  0  0.35  0 //
96000 63.0  1.02  1.02  1.8  0.38  0.0  0.38  0  0.38  0  0.38  0  0.38  0  0.38  0  0.38  0  0.38  0  0.38  0  0.38  0  0.38  0  0.38  0  0.38  0  0.38  0  0.38  0  0.38  0  0.38  0 //
97000 63.0  1.02  1.02  1.8  0.41  0.0  0.41  0  0.41  0  0.41  0  0.41  0  0.41  0  0.41  0  0.41  0  0.41  0  0.41  0  0.41  0  0.41  0  0.41  0  0.41  0  0.41  0  0.41  0  0.41  0 //
98000 63.0  1.02  1.02  1.8  0.44  0.0  0.44  0  0.44  0  0.44  0  0.44  0  0.44  0  0.44  0  0.44  0  0.44  0  0.44  0  0.44  0  0.44  0  0.44  0  0.44  0  0.44  0  0.44  0  0.44  0 //
99000 63.0  1.02  1.02  1.8  0.47  0.0  0.47  0  0.47  0  0.47  0  0.47  0  0.47  0  0.47  0  0.47  0  0.47  0  0.47  0  0.47  0  0.47  0  0.47  0  0.47  0  0.47  0  0.47  0  0.47  0 //
100000 63.0  1.02  1.02  1.8  0.50  0.0  0.50  0  0.50  0  0.50  0  0.50  0  0.50  0  0.50  0  0.50  0  0.50  0  0.50  0  0.50  0  0.50  0  0.50  0  0.50  0  0.50  0  0.50  0  0.50  0 //
101000 63.0  1.02  1.02  1.8  0.53  0.0  0.53  0  0.53  0  0.53  0  0.53  0  0.53  0  0.53  0  0.53  0  0.53  0  0.53  0  0.53  0  0.53  0  0.53  0  0.53  0  0.53  0  0.53  0  0.53  0 //
102000 63.0  1.02  1.02  1.8  0.56  0.0  0.56  0  0.56  0  0.56  0  0.56  0  0.56  0  0.56  0  0.56  0  0.56  0  0.56  0  0.56  0  0.56  0  0.56  0  0.56  0  0.56  0  0.56  0  0.56  0 //
103000 63.0  1.02  1.02  1.8  0.59  0.0  0.59  0  0.59  0  0.59  0  0.59  0  0.59  0  0.59  0  0.59  0  0.59  0  0.59  0  0.59  0  0.59  0  0.59  0  0.59  0  0.59  0  0.59  0  0.59  0 //
104000 63.0  1.02  1.02  1.8  0.62  0.0  0.62  0  0.62  0  0.62  0  0.62  0  0.62  0  0.62  0  0.62  0  0.62  0  0.62  0  0.62  0  0.62  0  0.62  0  0.62  0  0.62  0  0.62  0  0.62  0 //
105000 63.0  1.02  1.02  1.8  0.65  0.0  0.65  0  0.65  0  0.65  0  0.65  0  0.65  0  0.65  0  0.65  0  0.65  0  0.65  0  0.65  0  0.65  0  0.65  0  0.65  0  0.65  0  0.65  0  0.65  0 //
106000 63.0  1.02  1.02  1.8  0.68  0.0  0.68  0  0.68  0  0.68  0  0.68  0  0.68  0  0.68  0  0.68  0  0.68  0  0.68  0  0.68  0  0.68  0  0.68  0  0.68  0  0.68  0  0.68  0  0.68  0 //
107000 63.0  1.02  1.02  1.8  0.71  0.0  0.71  0  0.71  0  0.71  0  0.71  0  0.71  0  0.71  0  0.71  0  0.71  0  0.71  0  0.71  0  0.71  0  0.71  0  0.71  0  0.71  0  0.71  0  0.71  0 //
108000 63.0  1.02  1.02  1.8  0.74  0.0  0.74  0  0.74  0  0.74  0  0.74  0  0.74  0  0.74  0  0.74  0  0.74  0  0.74  0  0.74  0  0.74  0  0.74  0  0.74  0  0.74  0  0.74  0  0.74  0 //
109000 63.0  1.02  1.02  1.8  0.77  0.0  0.77  0  0.77  0  0.77  0  0.77  0  0.77  0  0.77  0  0.77  0  0.77  0  0.77  0  0.77  0  0.77  0  0.77  0  0.77  0  0.77  0  0.77  0  0.77  0 //
110000 63.0  1.02  1.02  1.8  0.79  0.0  0.79  0  0.79  0  0.79  0  0.79  0  0.79  0  0.79  0  0.79  0  0.79  0  0.79  0  0.79  0  0.79  0  0.79  0  0.79  0  0.79  0  0.79  0  0.79  0 //
111000 63.0  1.02  1.02  1.8  0.82  0.0  0.82  0  0.82  0  0.82  0  0.82  0  0.82  0  0.82  0  0.82  0  0.82  0  0.82  0  0.82  0  0.82  0  0.82  0  0.82  0  0.82  0  0.82  0  0.82  0 //
112000 63.0  1.02  1.02  1.8  0.84  0.0  0.84  0  0.84  0  0.84  0  0.84  0  0.84  0  0.84  0  0.84  0  0.84  0  0.84  0  0.84  0  0.84  0  0.84  0  0.84  0  0.84  0  0.84  0  0.84  0 //
113000 63.0  1.02  1.02  1.8  0.86  0.0  0.86  0  0.86  0  0.86  0  0.86  0  0.86  0  0.86  0  0.86  0  0.86  0  0.86  0  0.86  0  0.86  0  0.86  0  0.86  0  0.86  0  0.86  0  0.86  0 //
114000 63.0  1.02  1.02  1.8  0.89  0.0  0.89  0  0.89  0  0.89  0  0.89  0  0.89  0  0.89  0  0.89  0  0.89  0  0.89  0  0.89  0  0.89  0  0.89  0  0.89  0  0.89  0  0.89  0  0.89  0 //
115000 63.0  1.02  1.02  1.8  0.90  0.0  0.90  0  0.90  0  0.90  0  0.90  0  0.90  0  0.90  0  0.90  0  0.90  0  0.90  0  0.90  0  0.90  0  0.90  0  0.90  0  0.90  0  0.90  0  0.90  0 //
116000 63.0  1.02  1.02  1.8  0.92  0.0  0.92  0  0.92  0  0.92  0  0.92  0  0.92  0  0.92  0  0.92  0  0.92  0  0.92  0  0.92  0  0.92  0  0.92  0  0.92  0  0.92  0  0.92  0  0.92  0 //
117000 63.0  1.02  1.02  1.8  0.94  0.0  0.94  0  0.94  0  0.94  0  0.94  0  0.94  0  0.94  0  0.94  0  0.94  0  0.94  0  0.94  0  0.94  0  0.94  0  0.94  0  0.94  0  0.94  0  0.94  0 //
118000 63.0  1.02  1.02  1.8  0.95  0.0  0.95  0  0.95  0  0.95  0  0.95  0  0.95  0  0.95  0  0.95  0  0.95  0  0.95  0  0.95  0  0.95  0  0.95  0  0.95  0  0.95  0  0.95  0  0.95  0 //
119000 63.0  1.02  1.02  1.8  0.96  0.0  0.96  0  0.96  0  0.96  0  0.96  0  0.96  0  0.96  0  0.96  0  0.96  0  0.96  0  0.96  0  0.96  0  0.96  0  0.96  0  0.96  0  0.96  0  0.96  0 //
120000 63.0  1.02  1.02  1.8  0.98  0.0  0.98  0  0.98  0  0.98  0  0.98  0  0.98  0  0.98  0  0.98  0  0.98  0  0.98  0  0.98  0  0.98  0  0.98  0  0.98  0  0.98  0  0.98  0  0.98  0 //
121000 63.0  1.02  1.02  1.8  0.98  0.0  0.98  0  0.98  0  0.98  0  0.98  0  0.98  0  0.98  0  0.98  0  0.98  0  0.98  0  0.98  0  0.98  0  0.98  0  0.98  0  0.98  0  0.98  0  0.98  0 //
122000 63.0  1.02  1.02  1.8  0.99  0.0  0.99  0  0.99  0  0.99  0  0.99  0  0.99  0  0.99  0  0.99  0  0.99  0  0.99  0  0.99  0  0.99  0  0.99  0  0.99  0  0.99  0  0.99  0  0.99  0 //
123000 63.0  1.02  1.02  1.8  1.00  0.0  1.00  0  1.00  0  1.00  0  1.00  0  1.00  0  1.00  0  1.00  0  1.00  0  1.00  0  1.00  0  1.00  0  1.00  0  1.00  0  1.00  0  1.00  0  1.00  0 //
124000 63.0  1.02  1.02  1.8  1.00  0.0  1.00  0  1.00  0  1.00  0  1.00  0  1.00  0  1.00  0  1.00  0  1.00  0  1.00  0  1.00  0  1.00  0  1.00  0  1.00  0  1.00  0  1.00  0  1.00  0 //
125000 63.0  1.02  1.02  1.8  1.00  0.0  1.00  0  1.00  0  1.00  0  1.00  0  1.00  0  1.00  0  1.00  0  1.00  0  1.00  0  1.00  0  1.00  0  1.00  0  1.00  0  1.00  0  1.00  0  1.00  0 //
126000 63.0  1.02  1.02  1.8  1.00  0.0  1.00  0  1.00  0  1.00  0  1.00  0  1.00  0  1.00  0  1.00  0  1.00  0  1.00  0  1.00  0  1.00  0  1.00  0  1.00  0  1.00  0  1.00  0  1.00  0 //
127000 63.0  1.02  1.02  1.8  1.00  0.0  1.00  0  1.00  0  1.00  0  1.00  0  1.00  0  1.00  0  1.00  0  1.00  0  1.00  0  1.00  0  1.00  0  1.00  0  1.00  0  1.00  0  1.00  0  1.00  0 //
128000 63.0  1.02  1.02  1.8  0.99  0.0  0.99  0  0.99  0  0.99  0  0.99  0  0.99  0  0.99  0  0.99  0  0.99  0  0.99  0  0.99  0  0.99  0  0.99  0  0.99  0  0.99  0  0.99  0  0.99  0 //
129000 63.0  1.02  1.02  1.8  0.98  0.0  0.98  0  0.98  0  0.98  0  0.98  0  0.98  0  0.98  0  0.98  0  0.98  0  0.98  0  0.98  0  0.98  0  0.98  0  0.98  0  0.98  0  0.98  0  0.98  0 //
130000 63.0  1.02  1.02  1.8  0.98  0.0  0.98  0  0.98  0  0.98  0  0.98  0  0.98  0  0.98  0  0.98  0  0.98  0  0.98  0  0.98  0  0.98  0  0.98  0  0.98  0  0.98  0  0.98  0  0.98  0 //
131000 63.0  1.02  1.02  1.8  0.96  0.0  0.96  0  0.96  0  0.96  0  0.96  0  0.96  0  0.96  0  0.96  0  0.96  0  0.96  0  0.96  0  0.96  0  0.96  0  0.96  0  0.96  0  0.96  0  0.96  0 //
132000 63.0  1.02  1.02  1.8  0.95  0.0  0.95  0  0.95  0  0.95  0  0.95  0  0.95  0  0.95  0  0.95  0  0.95  0  0.95  0  0.95  0  0.95  0  0.95  0  0.95  0  0.95  0  0.95  0  0.95  0 //
133000 63.0  1.02  1.02  1.8  0.94  0.0  0.94  0  0.94  0  0.94  0  0.94  0  0.94  0  0.94  0  0.94  0  0.94  0  0.94  0  0.94  0  0.94  0  0.94  0  0.94  0  0.94  0  0.94  0  0.94  0 //
134000 63.0  1.02  1.02  1.8  0.92  0.0  0.92  0  0.92  0  0.92  0  0.92  0  0.92  0  0.92  0  0.92  0  0.92  0  0.92  0  0.92  0  0.92  0  0.92  0  0.92  0  0.92  0  0.92  0  0.92  0 //
135000 63.0  1.02  1.02  1.8  0.90  0.0  0.90  0  0.90  0  0.90  0  0.90  0  0.90  0  0.90  0  0.90  0  0.90  0  0.90  0  0.90  0  0.90  0  0.90  0  0.90  0  0.90  0  0.90  0  0.90  0 //
136000 63.0  1.02  1.02  1.8  0.89  0.0  0.89  0  0.89  0  0.89  0  0.89  0  0.89  0  0.89  0  0.89  0  0.89  0  0.89  0  0.89  0  0.89  0  0.89  0  0.89  0  0.89  0  0.89  0  0.89  0 //
137000 63.0  1.02  1.02  1.8  0.86  0.0  0.86  0  0.86  0  0.86  0  0.86  0  0.86  0  0.86  0  0.86  0  0.86  0  0.86  0  0.86  0  0.86  0  0.86  0  0.86  0  0.86  0  0.86  0  0.86  0 //
138000 63.0  1.02  1.02  1.8  0.84  0.0  0.84  0  0.84  0  0.84  0  0.84  0  0.84  0  0.84  0  0.84  0  0.84  0  0.84  0  0.84  0  0.84  0  0.84  0  0.84  0  0.84  0  0.84  0  0.84  0 //
139000 63.0  1.02  1.02  1.8  0.82  0.0  0.82  0  0.82  0  0.82  0  0.82  0  0.82  0  0.82  0  0.82  0  0.82  0  0.82  0  0.82  0  0.82  0  0.82  0  0.82  0  0.82  0  0.82  0  0.82  0 //
140000 63.0  1.02  1.02  1.8  0.79  0.0  0.79  0  0.79  0  0.79  0  0.79  0  0.79  0  0.79  0  0.79  0  0.79  0  0.79  0  0.79  0  0.79  0  0.79  0  0.79  0  0.79  0  0.79  0  0.79  0 //
141000 63.0  1.02  1.02  1.8  0.77  0.0  0.77  0  0.77  0  0.77  0  0.77  0  0.77  0  0.77  0  0.77  0  0.77  0  0.77  0  0.77  0  0.77  0  0.77  0  0.77  0  0.77  0  0.77  0  0.77  0 //
142000 63.0  1.02  1.02  1.8  0.74  0.0  0.74  0  0.74  0  0.74  0  0.74  0  0.74  0  0.74  0  0.74  0  0.74  0  0.74  0  0.74  0  0.74  0  0.74  0  0.74  0  0.74  0  0.74  0  0.74  0 //
143000 63.0  1.02  1.02  1.8  0.71  0.0  0.71  0  0.71  0  0.71  0  0.71  0  0.71  0  0.71  0  0.71  0  0.71  0  0.71  0  0.71  0  0.71  0  0.71  0  0.71  0  0.71  0  0.71  0  0.71  0 //
144000 63.0  1.02  1.02  1.8  0.68  0.0  0.68  0  0.68  0  0.68  0  0.68  0  0.68  0  0.68  0  0.68  0  0.68  0  0.68  0  0.68  0  0.68  0  0.68  0  0.68  0  0.68  0  0.68  0  0.68  0 //
145000 63.0  1.02  1.02  1.8  0.65  0.0  0.65  0  0.65  0  0.65  0  0.65  0  0.65  0  0.65  0  0.65  0  0.65  0  0.65  0  0.65  0  0.65  0  0.65  0  0.65  0  0.65  0  0.65  0  0.65  0 //
146000 63.0  1.02  1.02  1.8  0.62  0.0  0.62  0  0.62  0  0.62  0  0.62  0  0.62  0  0.62  0  0.62  0  0.62  0  0.62  0  0.62  0  0.62  0  0.62  0  0.62  0  0.62  0  0.62  0  0.62  0 //
147000 63.0  1.02  1.02  1.8  0.59  0.0  0.59  0  0.59  0  0.59  0  0.59  0  0.59  0  0.59  0  0.59  0  0.59  0  0.59  0  0.59  0  0.59  0  0.59  0  0.59  0  0.59  0  0.59  0  0.59  0 //
148000 63.0  1.02  1.02  1.8  0.56  0.0  0.56  0  0.56  0  0.56  0  0.56  0  0.56  0  0.56  0  0.56  0  0.56  0  0.56  0  0.56  0  0.56  0  0.56  0  0.56  0  0.56  0  0.56  0  0.56  0 //
149000 63.0  1.02  1.02  1.8  0.53  0.0  0.53  0  0.53  0  0.53  0  0.53  0  0.53  0  0.53  0  0.53  0  0.53  0  0.53  0  0.53  0  0.53  0  0.53  0  0.53  0  0.53  0  0.53  0  0.53  0 //
150000 63.0  1.02  1.02  1.8  0.50  0.0  0.50  0  0.50  0  0.50  0  0.50  0  0.50  0  0.50  0  0.50  0  0.50  0  0.50  0  0.50  0  0.50  0  0.50  0  0.50  0  0.50  0  0.50  0  0.50  0 //
151000 63.0  1.02  1.02  1.8  0.47  0.0  0.47  0  0.47  0  0.47  0  0.47  0  0.47  0  0.47  0  0.47  0  0.47  0  0.47  0  0.47  0  0.47  0  0.47  0  0.47  0  0.47  0  0.47  0  0.47  0 //
152000 63.0  1.02  1.02  1.8  0.44  0.0  0.44  0  0.44  0  0.44  0  0.44  0  0.44  0  0.44  0  0.44  0  0.44  0  0.44  0  0.44  0  0.44  0  0.44  0  0.44  0  0.44  0  0.44  0  0.44  0 //
153000 63.0  1.02  1.02  1.8  0.41  0.0  0.41  0  0.41  0  0.41  0  0.41  0  0.41  0  0.41  0  0.41  0  0.41  0  0.41  0  0.41  0  0.41  0  0.41  0  0.41  0  0.41  0  0.41  0  0.41  0 //
154000 63.0  1.02  1.02  1.8  0.38  0.0  0.38  0  0.38  0  0.38  0  0.38  0  0.38  0  0.38  0  0.38  0  0.38  0  0.38  0  0.38  0  0.38  0  0.38  0  0.38  0  0.38  0  0.38  0  0.38  0 //
155000 63.0  1.02  1.02  1.8  0.35  0.0  0.35  0  0.35  0  0.35  0  0.35  0  0.35  0  0.35  0  0.35  0  0.35  0  0.35  0  0.35  0  0.35  0  0.35  0  0.35  0  0.35  0  0.35  0  0.35  0 //
156000 63.0  1.02  1.02  1.8  0.32  0.0  0.32  0  0.32  0  0.32  0  0.32  0  0.32  0  0.32  0  0.32  0  0.32  0  0.32  0  0.32  0  0.32  0  0.32  0  0.32  0  0.32  0  0.32  0  0.32  0 //
157000 63.0  1.02  1.02  1.8  0.29  0.0  0.29  0  0.29  0  0.29  0  0.29  0  0.29  0  0.29  0  0.29  0  0.29  0  0.29  0  0.29  0  0.29  0  0.29  0  0.29  0  0.29  0  0.29  0  0.29  0 //
158000 63.0  1.02  1.02  1.8  0.26  0.0  0.26  0  0.26  0  0.26  0  0.26  0  0.26  0  0.26  0  0.26  0  0.26  0  0.26  0  0.26  0  0.26  0  0.26  0  0.26  0  0.26  0  0.26  0  0.26  0 //
159000 63.0  1.02  1.02  1.8  0.23  0.0  0.23  0  0.23  0  0.23  0  0.23  0  0.23  0  0.23  0  0.23  0  0.23  0  0.23  0  0.23  0  0.23  0  0.23  0  0.23  0  0.23  0  0.23  0  0.23  0 //
160000 63.0  1.02  1.02  1.8  0.21  0.0  0.21  0  0.21  0  0.21  0  0.21  0  0.21  0  0.21  0  0.21  0  0.21  0  0.21  0  0.21  0  0.21  0  0.21  0  0.21  0  0.21  0  0.21  0  0.21  0 //
161000 63.0  1.02  1.02  1.8  0.18  0.0  0.18  0  0.18  0  0.18  0  0.18  0  0.18  0  0.18  0  0.18  0  0.18  0  0.18  0  0.18  0  0.18  0  0.18  0  0.18  0  0.18  0  0.18  0  0.18  0 //
162000 63.0  1.02  1.02  1.8  0.16  0.0  0.16  0  0.16  0  0.16  0  0.16  0  0.16  0  0.16  0  0.16  0  0.16  0  0.16  0  0.16  0  0.16  0  0.16  0  0.16  0  0.16  0  0.16  0  0.16  0 //
163000 63.0  1.02  1.02  1.8  0.14  0.0  0.14  0  0.14  0  0.14  0  0.14  0  0.14  0  0.14  0  0.14  0  0.14  0  0.14  0  0.14  0  0.14  0  0.14  0  0.14  0  0.14  0  0.14  0  0.14  0 //
164000 63.0  1.02  1.02  1.8  0.11  0.0  0.11  0  0.11  0  0.11  0  0.11  0  0.11  0  0.11  0  0.11  0  0.11  0  0.11  0  0.11  0  0.11  0  0.11  0  0.11  0  0.11  0  0.11  0  0.11  0 //
165000 63.0  1.02  1.02  1.8  0.10  0.0  0.10  0  0.10  0  0.10  0  0.10  0  0.10  0  0.10  0  0.10  0  0.10  0  0.10  0  0.10  0  0.10  0  0.10  0  0.10  0  0.10  0  0.10  0  0.10  0 //
166000 63.0  1.02  1.02  1.8  0.08  0.0  0.08  0  0.08  0  0.08  0  0.08  0  0.08  0  0.08  0  0.08  0  0.08  0  0.08  0  0.08  0  0.08  0  0.08  0  0.08  0  0.08  0  0.08  0  0.08  0 //
167000 63.0  1.02  1.02  1.8  0.06  0.0  0.06  0  0.06  0  0.06  0  0.06  0  0.06  0  0.06  0  0.06  0  0.06  0  0.06  0  0.06  0  0.06  0  0.06  0  0.06  0  0.06  0  0.06  0  0.06  0 //
168000 63.0  1.02  1.02  1.8  0.05  0.0  0.05  0  0.05  0  0.05  0  0.05  0  0.05  0  0.05  0  0.05  0  0.05  0  0.05  0  0.05  0  0.05  0  0.05  0  0.05  0  0.05  0  0.05  0  0.05  0 //
169000 63.0  1.02  1.02  1.8  0.04  0.0  0.04  0  0.04  0  0.04  0  0.04  0  0.04  0  0.04  0  0.04  0  0.04  0  0.04  0  0.04  0  0.04  0  0.04  0  0.04  0  0.04  0  0.04  0  0.04  0 //
170000 63.0  1.02  1.02  1.8  0.02  0.0  0.02  0  0.02  0  0.02  0  0.02  0  0.02  0  0.02  0  0.02  0  0.02  0  0.02  0  0.02  0  0.02  0  0.02  0  0.02  0  0.02  0  0.02  0  0.02  0 //
171000 63.0  1.02  1.02  1.8  0.02  0.0  0.02  0  0.02  0  0.02  0  0.02  0  0.02  0  0.02  0  0.02  0  0.02  0  0.02  0  0.02  0  0.02  0  0.02  0  0.02  0  0.02  0  0.02  0  0.02  0 //
172000 63.0  1.02  1.02  1.8  0.01  0.0  0.01  0  0.01  0  0.01  0  0.01  0  0.01  0  0.01  0  0.01  0  0.01  0  0.01  0  0.01  0  0.01  0  0.01  0  0.01  0  0.01  0  0.01  0  0.01  0 //
173000 63.0  1.02  1.02  1.8  0.00  0.0  0.00  0  0.00  0  0.00  0  0.00  0  0.00  0  0.00  0  0.00  0  0.00  0  0.00  0  0.00  0  0.00  0  0.00  0  0.00  0  0.00  0  0.00  0  0.00  0 //
174000 63.0  1.02  1.02  1.8  0.00  0.0  0.00  0  0.00  0  0.00  0  0.00  0  0.00  0  0.00  0  0.00  0  0.00  0  0.00  0  0.00  0  0.00  0  0.00  0  0.00  0  0.00  0  0.00  0  0.00  0 //
175000 63.0  1.02  1.02  1.8  0.00  0.0  0.00  0  0.00  0  0.00  0  0.00  0  0.00  0  0.00  0  0.00  0  0.00  0  0.00  0  0.00  0  0.00  0  0.00  0  0.00  0  0.00  0  0.00  0  0.00  0 //
176000 63.0  1.02  1.02  1.8  0.00  0.0  0.00  0  0.00  0  0.00  0  0.00  0  0.00  0  0.00  0  0.00  0  0.00  0  0.00  0  0.00  0  0.00  0  0.00  0  0.00  0  0.00  0  0.00  0  0.00  0 //
177000 63.0  1.02  1.02  1.8  0.00  0.0  0.00  0  0.00  0  0.00  0  0.00  0  0.00  0  0.00  0  0.00  0  0.00  0  0.00  0  0.00  0  0.00  0  0.00  0  0.00  0  0.00  0  0.00  0  0.00  0 //
178000 63.0  1.02  1.02  1.8  0.01  0.0  0.01  0  0.01  0  0.01  0  0.01  0  0.01  0  0.01  0  0.01  0  0.01  0  0.01  0  0.01  0  0.01  0  0.01  0  0.01  0  0.01  0  0.01  0  0.01  0 //
179000 63.0  1.02  1.02  1.8  0.02  0.0  0.02  0  0.02  0  0.02  0  0.02  0  0.02  0  0.02  0  0.02  0  0.02  0  0.02  0  0.02  0  0.02  0  0.02  0  0.02  0  0.02  0  0.02  0  0.02  0 //
180000 63.0  1.02  1.02  1.8  0.02  0.0  0.02  0  0.02  0  0.02  0  0.02  0  0.02  0  0.02  0  0.02  0  0.02  0  0.02  0  0.02  0  0.02  0  0.02  0  0.02  0  0.02  0  0.02  0  0.02  0 //
181000 63.0  1.02  1.02  1.8  0.04  0.0  0.04  0  0.04  0  0.04  0  0.04  0  0.04  0  0.04  0  0.04  0  0.04  0  0.04  0  0.04  0  0.04  0  0.04  0  0.04  0  0.04  0  0.04  0  0.04  0 //
182000 63.0  1.02  1.02  1.8  0.05  0.0  0.05  0  0.05  0  0.05  0  0.05  0  0.05  0  0.05  0  0.05  0  0.05  0  0.05  0  0.05  0  0.05  0  0.05  0  0.05  0  0.05  0  0.05  0  0.05  0 //
183000 63.0  1.02  1.02  1.8  0.06  0.0  0.06  0  0.06  0  0.06  0  0.06  0  0.06  0  0.06  0  0.06  0  0.06  0  0.06  0  0.06  0  0.06  0  0.06  0  0.06  0  0.06  0  0.06  0  0.06  0 //
184000 63.0  1.02  1.02  1.8  0.08  0.0  0.08  0  0.08  0  0.08  0  0.08  0  0.08  0  0.08  0  0.08  0  0.08  0  0.08  0  0.08  0  0.08  0  0.08  0  0.08  0  0.08  0  0.08  0  0.08  0 //
185000 63.0  1.02  1.02  1.8  0.10  0.0  0.10  0  0.10  0  0.10  0  0.10  0  0.10  0  0.10  0  0.10  0  0.10  0  0.10  0  0.10  0  0.10  0  0.10  0  0.10  0  0.10  0  0.10  0  0.10  0 //
186000 63.0  1.02  1.02  1.8  0.11  0.0  0.11  0  0.11  0  0.11  0  0.11  0  0.11  0  0.11  0  0.11  0  0.11  0  0.11  0  0.11  0  0.11  0  0.11  0  0.11  0  0.11  0  0.11  0  0.11  0 //
187000 63.0  1.02  1.02  1.8  0.14  0.0  0.14  0  0.14  0  0.14  0  0.14  0  0.14  0  0.14  0  0.14  0  0.14  0  0.14  0  0.14  0  0.14  0  0.14  0  0.14  0  0.14  0  0.14  0  0.14  0 //
188000 63.0  1.02  1.02  1.8  0.16  0.0  0.16  0  0.16  0  0.16  0  0.16  0  0.16  0  0.16  0  0.16  0  0.16  0  0.16  0  0.16  0  0.16  0  0.16  0  0.16  0  0.16  0  0.16  0  0.16  0 //
189000 63.0  1.02  1.02  1.8  0.18  0.0  0.18  0  0.18  0  0.18  0  0.18  0  0.18  0  0.18  0  0.18  0  0.18  0  0.18  0  0.18  0  0.18  0  0.18  0  0.18  0  0.18  0  0.18  0  0.18  0 //
190000 63.0  1.02  1.02  1.8  0.21  0.0  0.21  0  0.21  0  0.21  0  0.21  0  0.21  0  0.21  0  0.21  0  0.21  0  0.21  0  0.21  0  0.21  0  0.21  0  0.21  0  0.21  0  0.21  0  0.21  0 //
191000 63.0  1.02  1.02  1.8  0.23  0.0  0.23  0  0.23  0  0.23  0  0.23  0  0.23  0  0.23  0  0.23  0  0.23  0  0.23  0  0.23  0  0.23  0  0.23  0  0.23  0  0.23  0  0.23  0  0.23  0 //
192000 63.0  1.02  1.02  1.8  0.26  0.0  0.26  0  0.26  0  0.26  0  0.26  0  0.26  0  0.26  0  0.26  0  0.26  0  0.26  0  0.26  0  0.26  0  0.26  0  0.26  0  0.26  0  0.26  0  0.26  0 //
193000 63.0  1.02  1.02  1.8  0.29  0.0  0.29  0  0.29  0  0.29  0  0.29  0  0.29  0  0.29  0  0.29  0  0.29  0  0.29  0  0.29  0  0.29  0  0.29  0  0.29  0  0.29  0  0.29  0  0.29  0 //
194000 63.0  1.02  1.02  1.8  0.32  0.0  0.32  0  0.32  0  0.32  0  0.32  0  0.32  0  0.32  0  0.32  0  0.32  0  0.32  0  0.32  0  0.32  0  0.32  0  0.32  0  0.32  0  0.32  0  0.32  0 //
195000 63.0  1.02  1.02  1.8  0.35  0.0  0.35  0  0.35  0  0.35  0  0.35  0  0.35  0  0.35  0  0.35  0  0.35  0  0.35  0  0.35  0  0.35  0  0.35  0  0.35  0  0.35  0  0.35  0  0.35  0 //
196000 63.0  1.02  1.02  1.8  0.38  0.0  0.38  0  0.38  0  0.38  0  0.38  0  0.38  0  0.38  0  0.38  0  0.38  0  0.38  0  0.38  0  0.38  0  0.38  0  0.38  0  0.38  0  0.38  0  0.38  0 //
197000 63.0  1.02  1.02  1.8  0.41  0.0  0.41  0  0.41  0  0.41  0  0.41  0  0.41  0  0.41  0  0.41  0  0.41  0  0.41  0  0.41  0  0.41  0  0.41  0  0.41  0  0.41  0  0.41  0  0.41  0 //
198000 63.0  1.02  1.02  1.8  0.44  0.0  0.44  0  0.44  0  0.44  0  0.44  0  0.44  0  0.44  0  0.44  0  0.44  0  0.44  0  0.44  0  0.44  0  0.44  0  0.44  0  0.44  0  0.44  0  0.44  0 //
199000 63.0  1.02  1.02  1.8  0.47  0.0  0.47  0  0.47  0  0.47  0  0.47  0  0.47  0  0.47  0  0.47  0  0.47  0  0.47  0  0.47  0  0.47  0  0.47  0  0.47  0  0.47  0  0.47  0  0.47  0 //
